0.9812369701181376 0.9790132036136205 0.9784572619874913
--- 1.342414379119873 137.93033480644226 ---

0.9840166782487839 0.9790271021542739 0.9784572619874913
--- 1.3693759441375732 140.9909851551056 ---

0.9812369701181376 0.9789089645587213 0.9791521890201529
--- 1.3363986015319824 139.6963279247284 ---

0.9826268241834607 0.978881167477415 0.9791521890201529
--- 1.3523585796356201 159.2887086868286 ---

0.9847116052814454 0.9789089645587216 0.9784572619874913
--- 1.3374218940734863 152.0285074710846 ---

0.9826268241834607 0.9788950660180682 0.9784572619874913
--- 1.4500958919525146 165.8478479385376 ---

0.9833217512161223 0.978971507991661 0.9784572619874913
--- 1.323436975479126 146.1335301399231 ---

0.9819318971507992 0.9788603196664352 0.9784572619874913
--- 1.3464264869689941 155.38808226585388 ---

0.980542043085476 0.9789228630993747 0.9784572619874913
--- 1.33343505859375 166.05514287948608 ---

0.9840166782487839 0.9788811674774149 0.9784572619874913
--- 1.3383891582489014 149.36592864990234 ---

0.9819318971507992 0.979152189020153 0.9784572619874913
--- 1.431161880493164 149.1475911140442 ---
